=== Run information ===

Scheme:       weka.classifiers.trees.RandomForest -I 1024 -K 100 -S 1 -depth 50
Relation:     train_clean
Instances:    400
Attributes:   1025
              [list of attributes omitted]
Test mode:    user supplied test set:  size unknown (reading incrementally)

=== Classifier model (full training set) ===

Random forest of 1024 trees, each constructed while considering 100 random features.
Out of bag error: 0.005
Max. depth of trees: 50



Time taken to build model: 838.75 seconds

=== Predictions on test set ===

 inst#,    actual, predicted, error, probability distribution
     1          ?        6:6      +   0.103  0.02   0.037  0.044  0.022 *0.517  0.076  0.056  0.089  0.037
     2          ?        8:8      +   0.05   0.003  0.049  0.009  0.006  0.015  0.031 *0.736  0.073  0.028
     3          ?        9:9      +   0.02   0      0.007  0.002  0.001  0.002  0.009  0.019 *0.935  0.007
     4          ?        4:4      +   0.002  0      0.002 *0.912  0.002  0.001  0.071  0.005  0.002  0.003
     5          ?        9:9      +   0.014  0.012  0.015  0.02   0.002  0.049  0.048  0.026 *0.759  0.057
     6          ?        7:7      +   0.018  0.017  0.006  0.149  0.015  0.044 *0.477  0.111  0.099  0.065
     7          ?        3:3      +   0.014  0.014 *0.833  0.028  0.001  0.018  0.015  0.012  0.012  0.055
     8          ?        2:2      +   0.004 *0.97   0.003  0.001  0.002  0.016  0      0.001  0.001  0.003
     9          ?        9:9      +   0.027  0.002  0.007  0.015  0.013  0.008  0.032  0.049 *0.843  0.005
    10          ?        1:1      +  *0.941  0.007  0.042  0.003  0.001  0.001  0.001  0      0      0.004
    11          ?        8:8      +   0.032  0.01   0.02   0.027  0.025  0.042  0.034 *0.722  0.075  0.013
    12          ?        6:6      +   0.096  0.023  0.076  0.072  0.006 *0.492  0.088  0.051  0.064  0.031
    13          ?        3:3      +   0.119  0.079 *0.678  0.036  0.013  0.026  0.023  0.002  0.009  0.015
    14          ?        1:1      +  *0.531  0.008  0.062  0.022  0.149  0.061  0.03   0.077  0.042  0.018
    15          ?        8:8      +   0.038  0.048  0.021  0.028  0.086  0.011  0.022 *0.739  0.006  0    
    16          ?        5:5      +   0.022  0.032  0.012  0.017 *0.87   0.013  0.01   0.009  0.01   0.006
    17          ?        4:4      +   0.037  0.021  0.029 *0.771  0.003  0.032  0.051  0.022  0.02   0.014
    18          ?        6:6      +   0.05   0.046  0.064  0.024  0.01  *0.547  0.046  0.024  0.069  0.119
    19          ?        8:8      +   0.027  0.004  0.026  0.006  0.016  0.028  0.025 *0.769  0.079  0.02 
    20          ?        3:3      +   0.078  0.014 *0.864  0.007  0.007  0.006  0.002  0      0.001  0.021
    21          ?        3:3      +   0.063  0.018 *0.726  0.01   0.007  0.021  0.014  0.119  0.019  0.005
    22          ?        7:7      +   0.037  0.014  0.058  0.085  0.004  0.07  *0.465  0.088  0.155  0.024
    23          ?        3:3      +   0.107  0.038 *0.667  0.014  0.021  0.026  0.032  0.003  0.005  0.087
    24          ?        2:2      +   0.02  *0.651  0.038  0.016  0.029  0.092  0.016  0.055  0.039  0.045
    25          ?        4:4      +   0.039  0.025  0.01  *0.653  0.006  0.023  0.197  0.004  0.021  0.021
    26          ?        4:4      +   0.028  0.013  0.044 *0.699  0.005  0.044  0.129  0.017  0.018  0.004
    27          ?        5:5      +   0.025  0.023  0.014  0.002 *0.884  0.028  0.008  0      0.002  0.014
    28          ?        2:2      +   0.063 *0.49   0.062  0.108  0.072  0.044  0.086  0.018  0.05   0.007
    29          ?      10:10      +   0.032  0.025  0.28   0.007  0.007  0.1    0.015  0.021  0.005 *0.509
    30          ?        3:3      +   0.107  0.029 *0.79   0.017  0.007  0.013  0.016  0.001  0      0.021
    31          ?      10:10      +   0.005  0.006  0.045  0.042  0.003  0.033  0.092  0.016  0.039 *0.72 
    32          ?        5:5      +   0.021  0.079  0.02   0.015 *0.704  0.024  0.016  0.049  0.049  0.023
    33          ?        7:7      +   0.081  0.002  0.017  0.1    0.055  0.018 *0.589  0.047  0.064  0.028
    34          ?        1:1      +  *0.533  0.035  0.073  0.025  0.053  0.137  0.045  0.018  0.032  0.049
    35          ?      10:10      +   0.075  0.034  0.278  0.007  0.009  0.175  0.013  0.009  0.001 *0.399
    36          ?        8:8      +   0.028  0.011  0.084  0.011  0.007  0.048  0.03  *0.559  0.15   0.072
    37          ?        7:7      +   0.04   0.028  0.024  0.26   0.009  0.021 *0.544  0.021  0.038  0.016
    38          ?        7:7      +   0.034  0.031  0.031  0.113  0.022  0.069 *0.308  0.146  0.102  0.143
    39          ?        3:3      +   0.083  0.006 *0.455  0.036  0.003  0.043  0.076  0.039  0.118  0.141
    40          ?        4:4      +   0.043  0.048  0.032 *0.472  0.015  0.074  0.21   0.049  0.048  0.01 
    41          ?        4:4      +   0.055  0.037  0.037 *0.417  0.003  0.117  0.231  0.012  0.053  0.038
    42          ?        6:6      +   0.043  0.031  0.045  0.011  0.012 *0.722  0.029  0.018  0.014  0.076
    43          ?        2:2      +   0.016 *0.746  0.005  0.093  0.014  0.021  0.062  0.01   0.006  0.028
    44          ?        5:5      +   0.003  0.026  0.006  0.003 *0.918  0.005  0.005  0.022  0.012  0    
    45          ?        7:7      +   0.053  0.02   0.038  0.146  0.005  0.061 *0.624  0.008  0.035  0.012
    46          ?        9:9      +   0.008  0      0.003  0.008  0.021  0.001  0.012  0.017 *0.923  0.008
    47          ?        4:4      +   0.017  0.006  0.005 *0.888  0.002  0.001  0.069  0.003  0.002  0.008
    48          ?        4:4      +   0.04   0.112  0.044 *0.508  0.033  0.062  0.117  0.059  0.024  0.001
    49          ?        6:6      +   0.059  0.043  0.068  0.06   0.013 *0.457  0.083  0.058  0.081  0.079
    50          ?        9:9      +   0.01   0.002  0.002  0.016  0.014  0.007  0.024  0.028 *0.887  0.011
    51          ?        5:5      +   0.025  0.015  0.015  0.005 *0.916  0.007  0.011  0.001  0.001  0.005
    52          ?        1:1      +  *0.76   0.003  0.039  0.053  0.012  0.037  0.031  0.025  0.026  0.014
    53          ?        4:4      +   0.076  0.022  0.05  *0.527  0.005  0.047  0.188  0.008  0.025  0.052
    54          ?        8:8      +   0.016  0.009  0.044  0.016  0.003  0.016  0.009 *0.843  0.03   0.016
    55          ?      10:10      +   0.101  0.029  0.257  0.009  0.008  0.169  0.014  0.009  0.001 *0.404
    56          ?        7:7      +   0.024  0.005  0.008  0.107  0.004  0.02  *0.696  0.053  0.038  0.045
    57          ?        9:9      +   0.021  0.01   0.035  0.01   0.004  0.051  0.034  0.024 *0.79   0.021
    58          ?      10:10      +   0.015  0.03   0.051  0.017  0.003  0.061  0.031  0.016  0.014 *0.764
    59          ?        9:9      +   0.021  0.008  0.028  0.022  0.005  0.04   0.039  0.029 *0.757  0.05 
    60          ?        8:8      +   0.167  0.007  0.037  0.04   0.053  0.007  0.026 *0.569  0.073  0.021
    61          ?        5:5      +   0.034  0.021  0.01   0.003 *0.897  0.006  0.017  0.005  0.002  0.005
    62          ?        8:8      +   0.019  0.007  0.022  0.037  0.005  0.049  0.043 *0.704  0.036  0.078
    63          ?        1:1      +  *0.568  0.015  0.057  0.057  0.008  0.075  0.05   0.058  0.067  0.046
    64          ?        8:8      +   0.003  0.003  0.001  0.006  0      0.023  0.011 *0.93   0.007  0.017
    65          ?      10:10      +   0.042  0.021  0.07   0.013  0.004  0.006  0.036  0.011  0.006 *0.792
    66          ?        8:8      +   0.02   0.004  0.052  0.004  0.003  0.021  0.009 *0.766  0.094  0.029
    67          ?        7:7      +   0.063  0.042  0.029  0.247  0.049  0.038 *0.256  0.125  0.123  0.028
    68          ?        6:6      +   0.142  0.093  0.068  0.061  0.11  *0.249  0.028  0.196  0.041  0.012
    69          ?        7:7      +   0.041  0.011  0.04   0.177  0.001  0.047 *0.45   0.03   0.156  0.047
    70          ?        4:4      +   0.07   0.027  0.04  *0.497  0.015  0.079  0.076  0.086  0.101  0.009
    71          ?        5:5      +   0.016  0.073  0.02   0.014 *0.802  0.019  0.005  0.03   0.018  0.005
    72          ?        7:7      +   0.072  0.037  0.082  0.23   0.007  0.043 *0.432  0.011  0.04   0.046
    73          ?        6:6      +   0.085  0.042  0.061  0.015  0.006 *0.649  0.041  0.021  0.029  0.051
    74          ?        5:5      +   0.116  0.099  0.034  0.006 *0.632  0.051  0.019  0.006  0.009  0.029
    75          ?        1:1      +  *0.791  0.019  0.075  0.018  0.018  0.027  0.029  0.008  0.009  0.007
    76          ?        8:8      +   0.007  0.006  0.017  0.008  0.003  0.017  0.006 *0.917  0.015  0.006
    77          ?        4:4      +   0.033  0.018  0.05  *0.476  0.006  0.03   0.328  0.014  0.024  0.021
    78          ?        3:3      +   0.067  0.065 *0.591  0.045  0.008  0.094  0.051  0.017  0.008  0.055
    79          ?        9:9      +   0.024  0.021  0.031  0.05   0.021  0.075  0.033  0.068 *0.657  0.019
    80          ?        2:2      +   0.04  *0.595  0.083  0.03   0.027  0.129  0.018  0.003  0.004  0.071
    81          ?        1:1      +  *0.968  0.002  0.013  0.004  0.002  0.001  0.008  0.001  0.001  0.001
    82          ?        7:7      +   0.028  0.012  0.013  0.116  0.001  0.007 *0.765  0.01   0.017  0.032
    83          ?      10:10      +   0.014  0.014  0.049  0.013  0.002  0.035  0.008  0.015  0.015 *0.837
    84          ?        8:8      +   0.043  0.098  0.031  0.048  0.141  0.016  0.022 *0.581  0.021  0    
    85          ?        2:2      +   0.049 *0.643  0.07   0.031  0.054  0.036  0.068  0.011  0.018  0.021
    86          ?        4:4      +   0.087  0.011  0.051 *0.691  0.005  0.007  0.104  0.003  0.004  0.037
    87          ?        2:2      +   0.018 *0.886  0.005  0.03   0.012  0.015  0.012  0.003  0      0.021
    88          ?      10:10      +   0.01   0.003  0.033  0.011  0.001  0.023  0.023  0.045  0.03  *0.82 
    89          ?      10:10      +   0.021  0.004  0.066  0.01   0.002  0.015  0.041  0.053  0.036 *0.752
    90          ?        6:6      +   0.115  0.037  0.086  0.062  0.143 *0.389  0.055  0.061  0.046  0.008
    91          ?        5:5      +   0.022  0.074  0.009  0.006 *0.781  0.033  0.012  0.024  0.02   0.019
    92          ?        6:6      +   0.07   0.041  0.068  0.009  0.006 *0.661  0.022  0.032  0.017  0.073
    93          ?        7:7      +   0.08   0.04   0.085  0.273  0.007  0.031 *0.367  0.022  0.022  0.071
    94          ?        7:7      +   0.036  0.024  0.017  0.128  0.006  0.059 *0.601  0.029  0.072  0.028
    95          ?        8:8      +   0.061  0.124  0.033  0.114  0.097  0.033  0.042 *0.465  0.031  0    
    96          ?        2:2      +   0.013 *0.929  0.009  0.007  0.003  0.021  0.004  0.003  0      0.012
    97          ?        9:9      +   0.018  0.021  0.023  0.038  0.005  0.051  0.055  0.07  *0.676  0.043
    98          ?      10:10      +   0.08   0.013  0.235  0.002  0.007  0.078  0.01   0.008  0.002 *0.565
    99          ?        6:6      +   0.008  0.023  0.011  0.016  0.012 *0.851  0.017  0.008  0.021  0.035
   100          ?        5:5      +   0      0.004  0      0     *0.986  0      0      0.007  0.002  0.001
   101          ?      10:10      +   0.04   0.03   0.104  0.006  0.006  0.245  0.007  0.036  0.003 *0.523
   102          ?        7:7      +   0.025  0.003  0.006  0.119  0.001  0.002 *0.824  0.007  0.003  0.01 
   103          ?      10:10      +   0.01   0.005  0.025  0.007  0.004  0.028  0.024  0.097  0.045 *0.755
   104          ?        5:5      +   0.094  0.031  0.019  0.002 *0.789  0.019  0.021  0.011  0.006  0.01 
   105          ?        8:8      +   0.008  0.001  0.007  0.005  0.005  0.017  0.007 *0.869  0.025  0.057
   106          ?        9:9      +   0.007  0.001  0.005  0.005  0.02   0.004  0.008  0.017 *0.927  0.008
   107          ?        5:5      +   0.037  0.029  0.007  0     *0.891  0.011  0.007  0.006  0.003  0.01 
   108          ?        8:8      +   0.032  0.005  0.036  0.007  0.015  0.014  0.004 *0.826  0.026  0.035
   109          ?        6:6      +   0.036  0.016  0.021  0.04   0.006 *0.694  0.039  0.033  0.054  0.061
   110          ?        9:9      +   0.03   0.021  0.064  0.042  0.078  0.044  0.042  0.212 *0.457  0.009
   111          ?        1:1      +  *0.522  0.114  0.091  0.052  0.021  0.086  0.051  0.009  0.017  0.038
   112          ?        9:9      +   0.022  0.003  0.039  0.038  0.014  0.022  0.046  0.037 *0.731  0.047
   113          ?        7:7      +   0.034  0.012  0.035  0.135  0.005  0.031 *0.686  0.008  0.035  0.02 
   114          ?        6:6      +   0.022  0.035  0.042  0.006  0.004 *0.781  0.012  0.006  0.004  0.088
   115          ?        5:5      +   0.024  0.014  0.006  0.003 *0.916  0.013  0.012  0.001  0      0.012
   116          ?        5:5      +   0.023  0.021  0.007  0.001 *0.927  0.005  0.009  0.003  0.001  0.003
   117          ?        4:4      +   0.074  0.02   0.045 *0.548  0.005  0.06   0.184  0.013  0.041  0.012
   118          ?        1:1      +  *0.481  0.012  0.061  0.072  0.013  0.081  0.059  0.092  0.093  0.037
   119          ?        1:1      +  *0.872  0.008  0.054  0.015  0.005  0.017  0.015  0.004  0      0.012
   120          ?        2:2      +   0.005 *0.973  0.004  0.003  0.002  0.009  0.001  0.001  0      0.003
   121          ?        7:7      +   0.071  0.023  0.074  0.185  0.007  0.032 *0.521  0.008  0.048  0.03 
   122          ?        2:2      +   0     *0.99   0      0.003  0      0.005  0.001  0      0      0.001
   123          ?        3:3      +   0.048  0.043 *0.643  0.038  0.023  0.05   0.024  0.076  0.045  0.01 
   124          ?        2:2      +   0.007 *0.882  0.009  0.011  0.024  0.016  0.012  0.006  0.021  0.013
   125          ?        9:9      +   0.023  0.007  0.025  0.021  0.004  0.011  0.036  0.028 *0.822  0.022
   126          ?        5:5      +   0.006  0.018  0.005  0     *0.953  0.008  0.006  0.001  0.001  0.003
   127          ?        4:4      +   0.02   0.02   0.043 *0.561  0.005  0.011  0.232  0.015  0.025  0.069
   128          ?        3:3      +   0.128  0.015 *0.687  0.025  0.009  0.025  0.045  0.015  0.029  0.022
   129          ?        1:1      +  *0.704  0.011  0.069  0.019  0.041  0.021  0.039  0.021  0.021  0.056
   130          ?      10:10      +   0.054  0.008  0.164  0.175  0.003  0.019  0.14   0.093  0.051 *0.295
   131          ?      10:10      +   0.014  0.016  0.026  0.018  0.002  0.045  0.03   0.017  0.021 *0.813
   132          ?        1:1      +  *0.529  0.061  0.196  0.024  0.045  0.052  0.022  0.021  0.003  0.047
   133          ?        3:3      +   0.03   0.016 *0.646  0.041  0.004  0.029  0.067  0.064  0.05   0.052
   134          ?        2:2      +   0.076 *0.586  0.063  0.068  0.039  0.053  0.054  0.014  0.039  0.009
   135          ?        3:3      +   0.056  0.004 *0.913  0.003  0.002  0.001  0      0.001  0.001  0.02 
   136          ?        5:5      +   0.021  0.015  0.002  0.002 *0.938  0.007  0.006  0.003  0.001  0.007
   137          ?        8:8      +   0.032  0.004  0.027  0.038  0.009  0.01   0.047 *0.77   0.053  0.011
   138          ?        6:6      +   0.041  0.146  0.045  0.058  0.038 *0.38   0.056  0.062  0.129  0.046
   139          ?        6:6      +   0.018  0.036  0.034  0.026  0.021 *0.763  0.023  0.011  0.01   0.058
   140          ?        1:1      +  *0.75   0.011  0.112  0.023  0.006  0.025  0.024  0.009  0.015  0.024
   141          ?        4:4      +   0.052  0.03   0.033 *0.423  0.021  0.078  0.239  0.04   0.053  0.03 
   142          ?        4:4      +   0.07   0.021  0.046 *0.483  0.003  0.011  0.303  0.007  0.011  0.046
   143          ?        6:6      +   0.028  0.041  0.019  0.038  0.018 *0.752  0.014  0.025  0.036  0.029
   144          ?        6:6      +   0.045  0.027  0.023  0.015  0.003 *0.744  0.012  0.028  0.012  0.091
   145          ?        1:1      +  *0.709  0.016  0.09   0.036  0.013  0.054  0.028  0.029  0.014  0.012
   146          ?        2:2      +   0.012 *0.868  0.008  0.01   0.033  0.042  0.008  0.006  0.007  0.007
   147          ?        3:3      +   0.069  0.024 *0.692  0.043  0.009  0.033  0.023  0.043  0.031  0.031
   148          ?        7:7      +   0.049  0.017  0.026  0.218  0.005  0.026 *0.525  0.023  0.094  0.017
   149          ?        2:2      +   0.014 *0.942  0.004  0.002  0.002  0.02   0.001  0.003  0      0.013
   150          ?        1:1      +  *0.552  0.023  0.168  0.047  0.011  0.079  0.053  0.009  0.019  0.04 
   151          ?        8:8      +   0.017  0.014  0.027  0.024  0.019  0.038  0.011 *0.781  0.063  0.007
   152          ?        5:5      +   0      0.006  0.002  0     *0.99   0.001  0      0      0      0.001
   153          ?        9:9      +   0.017  0.005  0.004  0.007  0.034  0.004  0.031  0.032 *0.856  0.01 
   154          ?        7:7      +   0.018  0.004  0.006  0.075  0.002  0.004 *0.859  0.007  0.006  0.02 
   155          ?        5:5      +   0.062  0.064  0.021  0.007 *0.796  0.014  0.016  0.004  0.004  0.014
   156          ?        3:3      +   0.1    0.009 *0.826  0.006  0.004  0.006  0.005  0      0.001  0.044
   157          ?        7:7      +   0.028  0.005  0.01   0.111  0.007  0.022 *0.718  0.031  0.032  0.035
   158          ?        1:1      +  *0.697  0.011  0.04   0.021  0.09   0.032  0.018  0.059  0.026  0.006
   159          ?      10:10      +   0.006  0.003  0.015  0.013  0.002  0.025  0.014  0.015  0.057 *0.852
   160          ?        2:2      +   0.011 *0.939  0.006  0.002  0.003  0.024  0.003  0.001  0.001  0.01 
   161          ?        9:9      +   0.017  0.006  0.028  0.033  0.007  0.038  0.039  0.042 *0.774  0.016
   162          ?        8:8      +   0.021  0.019  0.055  0.023  0.07   0.025  0.025 *0.698  0.059  0.004
   163          ?      10:10      +   0.007  0.004  0.022  0.012  0      0.035  0.008  0.017  0.011 *0.885
   164          ?        2:2      +   0.01  *0.897  0.012  0.011  0.019  0.019  0.008  0.007  0.013  0.006
   165          ?        2:2      +   0.021 *0.904  0.01   0.006  0.021  0.029  0.002  0      0      0.007
   166          ?        8:8      +   0.009  0.002  0.01   0.035  0.003  0.006  0.036 *0.834  0.045  0.021
   167          ?        4:4      +   0.156  0.037  0.133 *0.333  0.006  0.042  0.231  0.006  0.023  0.032
   168          ?      10:10      +   0.06   0.049  0.238  0.015  0.009  0.076  0.01   0.008  0.002 *0.534
   169          ?        3:3      +   0.044  0.035 *0.658  0.027  0.012  0.031  0.051  0.064  0.04   0.037
   170          ?        1:1      +  *0.798  0.007  0.053  0.041  0.007  0.008  0.057  0.01   0.005  0.016
   171          ?        3:3      +   0.277  0.035 *0.538  0.029  0.014  0.026  0.026  0.015  0.026  0.013
   172          ?        6:6      +   0.093  0.033  0.087  0.017  0.01  *0.635  0.037  0.011  0.016  0.063
   173          ?        1:1      +  *0.711  0.026  0.112  0.016  0.02   0.038  0.029  0.008  0.008  0.032
   174          ?        2:2      +   0.01  *0.732  0.037  0.021  0.022  0.101  0.012  0.007  0.019  0.04 
   175          ?        6:6      +   0.072  0.04   0.079  0.042  0.012 *0.455  0.08   0.04   0.097  0.083
   176          ?      10:10      +   0.006  0.014  0.044  0.006  0.003  0.036  0.014  0.009  0.056 *0.813
   177          ?        3:3      +   0.11   0.123 *0.33   0.124  0.021  0.081  0.088  0.03   0.028  0.063
   178          ?        9:9      +   0.016  0.009  0.022  0.031  0.01   0.027  0.042  0.063 *0.761  0.02 
   179          ?        7:7      +   0.049  0.011  0.017  0.118  0.004  0.008 *0.739  0.011  0.011  0.033
   180          ?        2:2      +   0.026 *0.692  0.056  0.018  0.025  0.097  0.015  0.002  0.006  0.063
   181          ?        7:7      +   0.017  0.034  0.01   0.201  0.012  0.042 *0.384  0.148  0.096  0.057
   182          ?        4:4      +   0.034  0.064  0.021 *0.501  0.016  0.088  0.146  0.061  0.05   0.021
   183          ?        1:1      +  *0.942  0.007  0.034  0.004  0.004  0.001  0.001  0      0      0.007
   184          ?        6:6      +   0.105  0.024  0.036  0.025  0.015 *0.642  0.067  0.031  0.038  0.016
   185          ?        8:8      +   0.04   0.011  0.052  0.063  0.014  0.033  0.079 *0.559  0.099  0.052
   186          ?      10:10      +   0.039  0.012  0.078  0.012  0.012  0.062  0.084  0.094  0.056 *0.553
   187          ?        6:6      +   0.006  0.2    0.008  0.054  0.034 *0.521  0.044  0.046  0.041  0.046
   188          ?        5:5      +   0.042  0.026  0.01   0     *0.881  0.012  0.007  0.005  0.005  0.013
   189          ?        4:4      +   0.027  0.02   0.048 *0.584  0.005  0.017  0.261  0.008  0.027  0.004
   190          ?        9:9      +   0.041  0.015  0.025  0.03   0.019  0.04   0.028  0.083 *0.695  0.023
   191          ?        8:8      +   0.02   0.011  0.025  0.056  0.015  0.052  0.063 *0.661  0.078  0.02 
   192          ?        9:9      +   0.006  0      0.006  0.021  0.001  0.009  0.031  0.048 *0.858  0.021
   193          ?        8:8      +   0.029  0.015  0.033  0.049  0.02   0.023  0.054 *0.707  0.061  0.01 
   194          ?        9:9      +   0.016  0.024  0.037  0.028  0.001  0.041  0.065  0.02  *0.718  0.05 
   195          ?      10:10      +   0.046  0.018  0.106  0.013  0.013  0.111  0.088  0.058  0.059 *0.489
   196          ?        3:3      +   0.044  0.001 *0.909  0.009  0.001  0.002  0.011  0.005  0.002  0.017
   197          ?        1:1      +  *0.576  0.038  0.151  0.046  0.011  0.045  0.072  0.016  0.021  0.023
   198          ?        5:5      +   0.024  0.044  0.017  0.002 *0.869  0.005  0.004  0.021  0.013  0.001
   199          ?        2:2      +   0.006 *0.952  0.011  0      0.013  0.011  0.001  0      0      0.007
   200          ?        3:3      +   0.045  0.007 *0.904  0.004  0.006  0.004  0.01   0.002  0.002  0.017

=== Evaluation on test set ===
=== Summary ===

Total Number of Instances                0     
Ignored Class Unknown Instances                200     

=== Detailed Accuracy By Class ===

               TP Rate   FP Rate   Precision   Recall  F-Measure   ROC Area  Class
                 0         0          0         0         0          ?        1
                 0         0          0         0         0          ?        2
                 0         0          0         0         0          ?        3
                 0         0          0         0         0          ?        4
                 0         0          0         0         0          ?        5
                 0         0          0         0         0          ?        6
                 0         0          0         0         0          ?        7
                 0         0          0         0         0          ?        8
                 0         0          0         0         0          ?        9
                 0         0          0         0         0          ?        10
Weighted Avg.  NaN       NaN        NaN       NaN       NaN        NaN    

=== Confusion Matrix ===

 a b c d e f g h i j   <-- classified as
 0 0 0 0 0 0 0 0 0 0 | a = 1
 0 0 0 0 0 0 0 0 0 0 | b = 2
 0 0 0 0 0 0 0 0 0 0 | c = 3
 0 0 0 0 0 0 0 0 0 0 | d = 4
 0 0 0 0 0 0 0 0 0 0 | e = 5
 0 0 0 0 0 0 0 0 0 0 | f = 6
 0 0 0 0 0 0 0 0 0 0 | g = 7
 0 0 0 0 0 0 0 0 0 0 | h = 8
 0 0 0 0 0 0 0 0 0 0 | i = 9
 0 0 0 0 0 0 0 0 0 0 | j = 10

